File Name: p5
ID: 4609
Priority: 2
Code Segment:0, 0, 67, 81, 1, 0, 0, 81, 2, 0, 2, 81, 3, 0, 4, 81, 4, 0, 6, 81, 5, 0, 8, 81, 6, 0, 10, 81, 7, 0, 12, 81, 8, 0, 14, 81, 9, 0, 16, 81, 10, 0, 18, 81, 11, 0, 20, 81, 12, 0, 22, 81, 13, 0, 24, 81, 14, 0, 26, 81, 15, 0, 28, 18, 1, 15, -13, 
Data Segment:49, 0, 50, 0, 51, 0, 52, 0, 53, 0, 54, 0, 55, 0, 56, 0, 57, 0, 58, 0, 59, 0, 60, 0, 61, 0, 62, 2, 0, 68, 

Code Page Table
page 0: frame 1

Data Page Table
page 0: frame 0

SPR: 
0, 0, 0, 66, 0, 0, 0, 0, 0, 66, -13, 0, 0, 0, 0, 0, 
GPR: 
0, 49, 50, 51, 52, 53, 54, 55, 56, 57, 58, 59, 60, 61, 62, 0, 