File Name: noop
ID: 3841
Priority: 31
Code Segment:-14, -14, -14, -14, -14, -14, -14, -14, -14, -14, -14, -14, -14, -14, -14, -14, -14, -14, -14, -14, -14, -14, -14, -14, -14, -14, -14, -14, -14, -14, -14, -14, -14, -14, -14, -14, -14, -14, -14, -14, -14, -14, -14, -14, -14, -14, -14, -14, -14, -14, -14, -14, -14, -14, -14, -14, -14, -14, -14, -14, -14, -14, -14, -14, -14, -14, -14, -14, -14, -14, -14, -14, -14, -14, -14, -14, -14, -14, -14, -14, -14, -14, -14, -14, -14, -14, -14, -14, -14, -14, -14, -14, -14, -14, -14, -14, -14, -14, -14, -14, -14, -14, -14, -14, -14, -14, -14, -14, -14, -14, -14, -14, -14, -14, -14, -14, -14, -14, -14, -14, -14, -14, -14, -14, -14, -14, -14, -14, -14, -14, -14, -14, -14, -14, -14, -14, -14, -14, -14, -14, -14, -14, -14, -14, -14, -14, -14, -14, -14, -14, -14, -14, -14, -14, -14, -14, -14, -14, -14, -14, -14, -14, -14, -14, -14, -14, -14, -14, -14, -14, -14, -14, -14, -14, -14, -14, -14, -14, -14, -14, -14, -14, -14, -14, -14, -14, -14, -14, -14, -14, -14, -14, -14, -14, -14, -14, -14, -14, -14, -14, -14, -14, -14, -14, -14, -14, -14, -14, -14, -14, -14, -14, -14, -14, -14, -14, -14, -14, -14, -14, -14, -14, -14, -14, -14, -14, -14, -14, -14, -14, -14, -14, -14, -14, -14, -14, -14, -14, -14, -14, -14, -14, -14, -14, -14, -14, -14, -14, -14, -14, -14, -14, -14, -14, -14, -14, -14, -14, -14, -14, -14, -14, -14, -14, -14, -14, -14, -14, -14, -14, -14, -14, -14, -14, -14, -14, -14, -14, -14, -14, -14, -14, -14, -14, -14, -14, -14, -14, -14, -14, -14, -14, -14, -14, -14, -14, -14, -14, -14, -14, -14, -14, -14, -14, -14, -14, -14, -14, -14, -14, -14, -14, -14, -14, -14, -14, -14, -14, -14, -14, -14, -14, -14, -14, -14, -14, -14, -14, -14, -14, -14, -14, -14, -14, -14, -14, -14, -14, -14, -14, -14, -14, -14, -14, -14, -14, -14, -14, -14, -14, -14, -14, -14, -14, -14, -14, -14, -14, -14, -14, -14, -14, -14, -14, -14, -14, -14, -14, -14, -14, -14, -14, -14, -14, -14, -14, -14, -14, -14, -14, -14, -14, -14, -14, -14, -14, -14, -14, -14, -14, -14, -14, -14, -14, -14, -14, -14, -14, -14, -14, -14, -14, -14, -14, -14, -14, -14, -14, -14, -14, -14, -14, -14, -14, -14, -14, -14, -14, -14, -14, -14, -14, -14, -14, -14, -14, -14, -14, -14, -14, -14, -14, -14, -14, -14, -14, -14, -14, -14, -14, -14, -14, -14, -14, -14, -14, -14, -14, -14, -14, -14, -14, -14, -14, -14, -14, -14, -14, -14, -14, -14, -14, -14, -14, -14, -14, -14, -14, -14, -14, -14, -14, -14, -14, -14, -14, -14, -14, -14, -14, -14, -14, -14, -14, -14, -14, -14, -14, -14, -14, -14, -14, -14, -14, -14, -14, -14, -14, -14, -14, -14, -14, -14, -14, -14, -14, -14, -14, -14, -14, -14, -13, 
Data Segment:

Code Page Table
page 0: frame 19
page 1: frame 20
page 2: frame 21
page 3: frame 22

Data Page Table
page 0: frame 18

SPR: 
0, 0, 0, 127, 0, 0, 0, 0, 0, 127, -13, 0, 0, 0, 0, 0, 
GPR: 
0, 0, 0, 0, 0, 0, 0, 0, 0, 0, 0, 0, 0, 0, 0, 0, 